type=aLoops;
style=individual;
planeIDs=0 0 0 0 0 0 0 0 0 0 0 0 0 0 0 0 0 0 0 0 0 0 0 0 0 0 0 0 0 0 0 0 0 0 0 0 0 0 0 0 0 0 0 0 0 0 0 0 0 0 0 0 0 0 0 0 0 0 0 0 0 0;
loopRadii_SI=2.132919276e-08 3.415238716e-09 4.164930808e-08 4.266103873e-08 5.018195964e-08 5.35276884e-08 4.150719677e-08 2.794873653e-09 1.515908026e-08 5.108794762e-08 5.050698048e-08 3.876289416e-08 1.538954123e-08 1.471485154e-08 5.276357002e-08 4.976032914e-08 5.079627678e-08 5.219392538e-08 5.174807864e-08 5.166193902e-08 5.164131911e-08 5.388998588e-08 4.978478613e-08 5.130340248e-08 5.302278516e-08 5.194474609e-08 5.064439509e-08 4.624776013e-08 5.148810114e-08 5.248572689e-08 5.015641632e-08 4.124865056e-08 5.221009355e-08 1.793519743e-08 4.011507623e-08 5.149248826e-08 5.31983962e-08 5.325148039e-08 4.935605495e-08 1.976230626e-08 5.147339832e-08 4.622400768e-08 5.139732728e-08 4.71371006e-08 5.311174752e-08 5.186072699e-08 5.319964835e-08 4.895138971e-08 4.324938252e-08 5.286828643e-08 7.633467683e-09 5.081581794e-08 5.306651329e-08 5.228422441e-08 5.102874597e-08 5.210667144e-08 3.421405778e-08 5.239228055e-08 3.194004234e-08 4.914372405e-08 4.741146252e-08 5.22559191e-08;
loopSides=12 12 12 12 12 12 12 12 12 12 12 12 12 12 12 12 12 12 12 12 12 12 12 12 12 12 12 12 12 12 12 12 12 12 12 12 12 12 12 12 12 12 12 12 12 12 12 12 12 12 12 12 12 12 12 12 12 12 12 12 12 12;
loopCenters=966.0209358 91.05930303 2397.854747
1088.141776 1126.407616 6.612550515
1004.75284 480.6879879 265.8851793
766.6829003 392.1033415 305.0417798
580.9850365 468.7012649 1881.166544
1147.666214 319.1551288 1014.484397
727.6178465 999.913101 2210.596724
1123.620303 768.9031474 54.26088718
542.7043016 304.1508389 2390.45541
1051.699256 820.7382504 634.3710771
623.3009279 729.91228 1055.721217
638.8276565 777.2659865 276.2508798
1072.622031 838.6812909 2372.30241
536.3337085 880.5942398 2358.454127
1080.775019 376.6235758 1061.788272
429.4046272 381.1578582 2113.443777
932.3745111 974.7924315 565.0631843
398.6355934 671.8144275 1155.435221
554.5325498 931.2684804 1663.529532
930.3550214 259.7045898 1966.739225
914.445417 377.8133314 1458.728276
219.5694173 656.4181239 1336.214699
503.3248535 324.0358474 391.1263194
785.367617 978.2865741 1705.62868
980.2959557 265.6677613 1072.185188
458.5501369 802.64333 1151.037746
528.9253942 754.201303 1768.349422
1171.008766 565.8112553 307.0073104
1162.848271 616.4361254 1898.210542
1135.426512 494.5377783 1337.322099
958.0552451 685.2598867 1761.273068
726.7304247 934.8865324 276.0460056
828.1056822 1060.118157 821.2488753
712.9355286 539.3835533 2322.501354
933.4990105 890.0133641 2204.250894
564.2389294 179.3038021 376.7234312
928.9885907 237.6154108 973.928229
1223.886876 552.9067577 928.8160323
708.7149735 156.7324671 2150.758843
767.6343758 1204.826046 87.87802991
484.7637307 608.7120685 1466.013542
557.8059912 1125.393372 248.6656833
484.7623056 781.482944 913.8349292
1223.059077 817.2644327 2192.062141
1114.024708 1020.453026 1808.521681
793.6795785 1030.668304 821.2671041
396.4924354 952.1900009 1054.986828
635.541284 543.5818832 533.0006863
419.2211398 378.8137076 230.2691327
958.571692 1062.102102 1518.564715
733.5735918 946.4734684 2391.593683
745.6422458 920.8435714 785.1568719
789.9314992 203.1721612 1576.755596
738.2924307 1135.020458 1936.243152
300.7042441 818.6246395 2075.431203
447.1381267 314.5707779 2004.91378
815.1483997 391.8866251 214.6862704
559.4145824 332.1094002 1489.377801
847.5919192 840.2166675 2261.330021
834.2933889 360.4784099 445.2196186
1092.065384 337.9536638 2173.125286
1129.455924 870.0673052 1731.425801;
isVacancyLoop=1 1 1 1 1 1 1 1 1 1 1 1 1 1 1 1 1 1 1 1 1 1 1 1 1 1 1 1 1 1 1 1 1 1 1 1 1 1 1 1 1 1 1 1 1 1 1 1 1 1 1 1 1 1 1 1 1 1 1 1 1 1;
